octave:2> A = randn(7,4)
A =

  -0.603797  -0.684696   0.306285   0.674799
   1.139813   0.030415  -0.250006  -0.760407
   0.436663   1.189070   0.152197   1.158557
   1.292798  -0.627865  -0.067104  -0.874162
  -2.200901   1.676617   1.025606   0.751649
  -0.534155  -0.972622  -0.275432  -1.056748
   0.224928  -1.690382   0.219116  -0.340896

octave:3> A'
ans =

  -0.603797   1.139813   0.436663   1.292798  -2.200901  -0.534155   0.224928
  -0.684696   0.030415   1.189070  -0.627865   1.676617  -0.972622  -1.690382
   0.306285  -0.250006   0.152197  -0.067104   1.025606  -0.275432   0.219116
   0.674799  -0.760407   1.158557  -0.874162   0.751649  -1.056748  -0.340896

octave:4> B = A'*A
B =

   8.7056  -3.3951  -2.5510  -3.0649
  -3.3951   8.8923   1.6228   4.3056
  -2.5510   1.6228   1.3597   1.6190
  -3.0649   4.3056   1.6190   4.9379

octave:5> [eB,lB] = eig (B)
eB =

   0.2241841   0.2049197  -0.7507734  -0.5865908
   0.0076790  -0.4669275  -0.6187351   0.6317330
   0.9542000   0.1319569   0.1437788   0.2267540
  -0.1979516   0.8500435  -0.1812011   0.4532189

lB =

Diagonal Matrix

    0.43756          0          0          0
          0    2.08532          0          0
          0          0    5.65641          0
          0          0          0   15.71622

octave:6> eB'*eB
ans =

   1.0000e+00   7.4674e-17   2.6924e-16  -1.8011e-17
   7.4674e-17   1.0000e+00  -2.5452e-17   5.7707e-17
   2.6924e-16  -2.5452e-17   1.0000e+00  -2.8745e-17
  -1.8011e-17   5.7707e-17  -2.8745e-17   1.0000e+00

octave:7> A = randn(7,4)
A =

  -1.5221715  -0.5920210  -1.2390830  -0.2000990
  -0.4456455   0.7482196   0.1848387  -0.4840762
   0.3881558  -1.0322486   0.0572596  -1.6945964
   0.0092782   1.0630667  -0.3812332  -1.6799165
  -0.2390329   0.6816310  -0.8249132  -1.1649102
  -0.9347558  -0.2274038   0.0025679   0.4663469
  -1.5712798   1.2149588  -0.6138866  -0.1234683

octave:8> B = A'*A
B =

   6.06618  -1.68250   2.98178  -0.11651
  -1.68250   5.09843  -0.90124  -1.33045
   2.98178  -0.90124   2.77545   1.73981
  -0.11651  -1.33045   1.73981   7.55789

octave:9> [eB,lB] = eig(B)
eB =

  -0.489833   0.282434  -0.630843   0.531350
  -0.085813   0.888194   0.092086  -0.441891
   0.835285   0.309715  -0.148215   0.429427
  -0.234517   0.188199   0.756036   0.581371

lB =

Diagonal Matrix

   0.63097         0         0         0
         0   3.96724         0         0
         0         0   7.15197         0
         0         0         0   9.74776

octave:10> eB'*eB
ans =

   1.0000e+00  -3.1459e-16  -2.7119e-17   6.2857e-17
  -3.1459e-16   1.0000e+00  -5.5294e-17   1.9916e-16
  -2.7119e-17  -5.5294e-17   1.0000e+00   8.7360e-17
   6.2857e-17   1.9916e-16   8.7360e-17   1.0000e+00

octave:11> quit

